Task,Name,Result,Engine,Bound,Time,Note
"mytask","ibex_fv.IN_OP_MODE","temporary","?","","0.000 s",""
"mytask","ibex_fv.NO_FETCH_ERR","temporary","?","","0.000 s",""
"mytask","ibex_fv.NO_INSTR_ERR","temporary","?","","0.000 s",""
"mytask","ibex_fv.NO_DATA_ERR","temporary","?","","0.000 s",""
"mytask","ibex_fv.NO_IRQ_SW","temporary","?","","0.000 s",""
"mytask","ibex_fv.NO_IRQ_TIM","temporary","?","","0.000 s",""
"mytask","ibex_fv.NO_IRQ_EXT","temporary","?","","0.000 s",""
"mytask","ibex_fv.NO_IRQ_FAST","temporary","?","","0.000 s",""
"mytask","ibex_fv.NO_IRQ_NMI","temporary","?","","0.000 s",""
"mytask","ibex_fv.NO_DEBUG","temporary","?","","0.000 s",""
"mytask","ibex_fv.IF_ID_CONTRACT","temporary","?","","0.000 s",""
"mytask","ibex_fv.VALID_INSTN","temporary","?","","0.000 s",""
"mytask","ibex_fv.NOHALT_FSM","temporary","?","","0.000 s",""
"mytask","ibex_fv.NOHALT_IF","temporary","?","","0.000 s",""
"mytask","ibex_fv.NOHALT_BUSY","temporary","?","","0.000 s",""
"mytask","ibex_fv.pc0_const","temporary","?","","0.000 s",""
"mytask","ibex_fv.pc0_nozero","temporary","?","","0.000 s",""
"mytask","ibex_fv.i0_const","temporary","?","","0.000 s",""
"mytask","ibex_fv.pc0_i0_assoc","temporary","?","","0.000 s",""
"mytask","ibex_fv.ISSUE_ONCE","temporary","?","","0.000 s",""
"mytask","ibex_fv.EVENTUAL_ISSUE","temporary","?","","0.000 s",""
"mytask","ibex_fv.EXE_IUV","temporary","?","","0.000 s",""
"mytask","ibex_fv.i_LW_0","temporary","?","","0.000 s",""
"mytask","ibex_fv.i_LW_1","temporary","?","","0.000 s",""
"mytask","ibex_fv.i_LW_2","temporary","?","","0.000 s",""
"mytask","ibex_fv.HB_349","proven","Tri","Infinite","3.142 s",""
"mytask","ibex_fv.HB_349:precondition1","covered","AM","5","0.439 s",""
